0 26 8 570 462 
1 27 8 567 462 
2 29 6 562 467 
3 26 10 568 458 
4 26 8 567 464 
5 27 8 566 463 
6 24 9 572 460 
7 25 8 574 464 
8 26 8 566 460 
9 21 5 575 467 
10 24 10 573 459 
11 22 10 573 457 
12 22 10 576 459 
13 28 5 566 465 
14 27 7 566 463 
15 24 10 572 461 
16 25 7 569 463 
17 26 8 570 461 
18 20 11 580 461 
19 24 8 572 461 
20 24 8 570 463 
21 23 8 573 464 
22 26 7 566 462 
23 28 5 565 466 
24 24 8 572 464 
25 24 5 573 462 
26 25 8 572 465 
27 23 5 572 466 
28 23 8 573 464 
29 23 5 575 465 
30 26 4 567 466 
31 26 7 569 467 
32 23 8 574 465 
33 24 10 574 464 
34 23 4 574 466 
35 26 7 567 464 
36 23 5 573 464 
37 23 7 570 467 
38 27 8 566 462 
39 24 5 575 469 
40 23 6 574 463 
41 23 8 571 461 
42 24 5 569 465 
43 25 3 572 471 
44 24 4 574 465 
45 25 4 570 466 
46 22 3 574 469 
47 27 7 567 461 
48 25 4 569 467 
49 21 4 576 466 
50 24 3 567 468 
51 23 0 573 475 
52 21 1 575 470 
53 21 6 574 463 
54 22 3 574 468 
55 26 1 570 469 
56 22 5 574 467 
57 23 4 575 464 
58 20 4 579 471 
59 21 4 576 468 
60 25 4 570 468 
61 24 6 571 463 
62 23 4 574 469 
63 24 0 568 471 
64 21 5 572 465 
65 20 3 576 468 
66 19 3 578 466 
67 21 6 576 465 
68 23 5 576 470 
69 26 0 568 473 
70 24 4 571 470 
71 29 1 564 475 
72 24 3 570 468 
73 24 3 574 469 
74 23 8 573 463 
75 21 3 574 470 
76 24 6 574 465 
77 23 5 572 470 
78 23 4 573 470 
79 25 6 569 463 
80 24 5 571 464 
81 24 5 572 465 
82 24 2 573 472 
83 24 5 570 470 
84 26 4 567 470 
85 19 7 578 465 
86 23 7 576 466 
87 19 3 580 471 
88 21 2 576 471 
89 29 2 567 472 
90 18 7 580 465 
91 24 7 572 466 
92 27 6 565 466 
93 22 5 572 469 
94 23 8 574 465 
95 26 8 567 467 
96 25 5 571 472 
97 22 9 574 459 
98 23 8 574 462 
99 24 5 573 469 
100 27 4 566 467 
101 23 6 572 468 
102 26 5 564 465 
103 24 3 573 470 
104 23 4 576 469 
105 19 5 579 467 
106 25 2 559 472 
107 30 5 548 465 
108 20 4 574 469 
109 0 0 567 480 
110 4 0 544 482 
111 0 0 556 473 
112 21 0 587 481 
113 27 0 585 474 
114 13 0 605 473 
115 11 0 607 473 
116 12 1 604 473 
117 8 0 612 476 
118 0 1 625 471 
119 0 0 559 477 
120 9 4 590 471 
121 6 0 604 480 
122 15 3 592 469 
123 29 3 559 470 
124 30 25 557 449 
125 47 34 526 441 
126 47 61 524 420 
127 46 51 555 411 
128 14 0 593 489 
129 9 0 596 487 
130 0 0 567 484 
131 0 0 568 489 
132 0 0 563 493 
133 4 0 556 491 
134 4 0 550 492 
135 10 13 531 473 
136 19 14 507 465 
137 5 30 520 444 
138 11 23 504 457 
139 14 20 496 461 
140 17 16 488 472 
141 11 9 499 480 
142 16 16 489 478 
143 17 10 484 482 
144 21 7 476 482 
145 15 6 488 481 
146 11 1 495 483 
147 11 5 498 481 
148 11 2 492 484 
149 14 4 491 481 
150 13 6 489 477 
151 14 9 490 473 
152 14 8 492 477 
153 15 10 493 477 
154 17 12 486 474 
155 16 11 488 473 
156 17 10 486 471 
157 16 9 486 475 
158 17 10 485 473 
159 14 9 495 475 
160 18 12 485 470 
161 16 12 488 472 
162 16 7 490 478 
163 17 12 487 471 
164 14 14 490 469 
165 18 7 484 479 
166 20 15 478 468 
167 22 13 474 470 
168 18 13 484 470 
169 21 12 476 471 
170 18 12 483 477 
171 17 13 484 467 
172 17 10 484 474 
173 19 9 480 474 
174 18 10 480 474 
175 15 12 487 470 
176 16 8 488 478 
177 14 7 489 479 
178 14 3 492 481 
179 15 8 488 477 
180 15 10 486 475 
181 18 6 482 478 
182 17 10 482 475 
183 14 11 490 473 
184 17 10 483 472 
185 16 12 485 471 
186 15 9 487 475 
187 18 7 481 477 
188 18 9 486 473 
189 16 13 485 469 
190 15 14 485 470 
191 17 12 483 472 
192 16 8 486 476 
193 16 10 486 474 
194 15 11 488 472 
195 16 11 485 472 
196 13 8 490 475 
197 15 8 487 474 
198 13 7 490 474 
199 13 6 491 476 
200 12 6 494 475 
201 18 0 482 481 
202 18 6 480 476 
203 19 6 477 475 
204 18 0 480 481 
205 19 4 478 475 
206 18 5 481 472 
207 19 5 479 473 
208 18 3 480 475 
209 18 5 481 475 
210 12 3 492 475 
211 14 9 491 473 
212 0 0 435 494 
213 0 0 432 490 
214 0 0 431 488 
215 0 0 427 494 
216 0 2 425 487 
217 0 3 428 486 
218 0 6 424 483 
219 0 8 422 481 
220 0 8 426 481 
221 0 5 425 488 
222 0 8 426 482 
223 0 10 427 478 
224 0 10 425 479 
225 0 7 428 482 
226 0 9 428 479 
227 0 9 428 477 
228 0 4 424 484 
229 0 6 421 483 
230 0 5 430 485 
231 0 7 426 482 
232 0 2 421 492 
233 0 4 427 484 
234 0 4 427 485 
235 0 1 423 491 
236 0 8 426 482 
237 0 5 428 489 
238 0 3 430 493 
239 0 6 432 489 
240 0 3 432 490 
241 0 4 438 491 
242 0 6 437 488 
243 0 6 427 488 
244 0 2 429 490 
245 0 0 421 490 
246 0 0 419 493 
247 0 0 412 492 
248 3 0 354 490 
249 0 0 322 486 
250 0 0 275 479 
251 0 0 269 481 
252 4 11 540 466 0 3 272 472 
253 0 5 279 472 
254 0 4 283 476 
255 0 3 283 477 
256 0 2 283 478 
257 0 2 280 475 
258 0 4 279 472 
259 0 0 278 481 
